allposTime	motoX	motoY	temp	pH	SpCond	dep25	LDO	chlorophyll	rhodamine	SpCond_Stdev	SpCond_CoeffVar	WaterVel1_X_E	WaterVel2_Y_N	WaterVel3_Z_U	VelStDev1_X_E	VelStDev2_Y_N	VelStDev3_Z_U	SignalAmp1	SignalAmp2	SignalAmp3	PercentGoodPings	Heading	Pitch	Roll	HeadingStDev	PitchStDev	RollStDev	MeanTemp	MeanPress	StDevPress	Power	StartLoc	EndLoc	Vel_Magn	Vel_Sal_E	Vel_Sal_N	Vel_Sal_U	VelMagn_Sal	SontekVel_Magn	Vel_Magn_Stdev	Vel_Magn_CoeffVar
%F %H:%M:%OS	m	m	degC	units	uS/cm	m	mg/L	ug/L	ppb	uS/cm	units	cm/s	cm/s	cm/s	cm/s	cm/s	cm/s	counts	counts	counts	%	deg	deg	deg	deg	deg	deg	degC	count	count	V	m	m	cm/s	cm/s	cm/s	cm/s	cm/s	cm/s	cm/s	units
2007-08-09 12:22:45.53	0	0	24.5315254237288	7.9777966101695	577.813559322034	-2.97949152542373	8.69847457627119	2.05033898305085	1.89372881355932	6.0300242358728	0.0104359341150595	-6.98153846153846	11.3292307692308	-1.26	0	0	0	144.384615384615	139.307692307692	139.307692307692	0	341.184615384615	-4.21538461538462	4.73846153846154	0	0	0	24.3415384615385	0	0	11.6153846153846	0	0.344615384615385	13.6079634369686	-29.0988183500838	47.2198541934811	-3.20411373559322	56.2731757650401	13.3671593509027	3.05345029264228	0.224387014764239
2007-08-09 12:23:48.97	0	-0.11	24.5520967741935	8.00870967741935	569.387096774194	-2.87629032258065	8.71854838709677	2.08725806451613	1.87032258064516	5.8655840867731	0.0103015753606009	-6.67090909090909	9.31	-0.696363636363636	0	0	0	142.636363636364	139.636363636364	138.818181818182	0	340.781818181818	-4.36363636363636	5.12727272727273	0	0	0	24.3654545454545	0	0	11.6	0	0.258454545454545	11.982251978673	-27.3081736358609	38.1116116387097	-1.74560097729367	48.4930037396262	11.4744084994924	2.37803517037605	0.198463124845703
2007-08-09 12:25:05.09	2	0	24.5854838709677	7.99951612903226	646.016129032258	-2.98274193548387	8.64709677419355	2.78887096774194	1.87322580645161	11.7953754976524	0.0182586393242566	-11.558125	18.9825	-0.574375	0	0	0	150.25	144.4375	145.1875	0	342.3625	-3.825	4.275	0	0	0	24.393125	0	0	11.6	0	0	23.0605142477096	-55.128881490553	90.5409824599078	-1.62894105207373	108.051767758791	22.2318570165933	2.35354090820488	0.102059341909023
2007-08-09 12:26:09.63	2	-0.25	24.5893442622951	8.05377049180328	632.508196721311	-2.77016393442623	8.6383606557377	3.51214285714286	1.82590163934426	14.7078470561576	0.0232532117882386	-10.7488888888889	16.0461111111111	-2.40888888888889	0	0	0	149.5	145.777777777778	145.444444444444	0	344.377777777778	-2.62222222222222	5.62222222222222	0	0	0	24.3816666666667	0	0	11.6111111111111	0	0.278666666666667	20.1950913287855	-49.9880244546448	74.6229124624512	-6.69184052958626	93.095074967063	19.4632741288514	2.79334768582391	0.138318150700431
2007-08-09 12:27:13.17	2	-0.37	24.6029032258065	8.13774193548387	618.016129032258	-2.68419354838710	8.66032258064516	3.35645161290323	0.890967741935484	7.87295002823034	0.0127390688663069	-9.70785714285714	15.1457142857143	-3.90714285714286	0	0	0	148.857142857143	143	144.928571428571	0	344.064285714286	-1.88571428571429	5.57142857142857	0	0	0	24.39	0	0	11.6	0	0.290571428571429	21.2929237745388	-43.9054150275181	68.4990376163265	-10.6106419012508	94.8045263226424	18.4092617135162	3.09715079789282	0.145454463214501
2007-08-09 12:28:30.83	4	0	24.6455737704918	8.06950819672131	673.950819672131	-2.97967213114754	8.62672131147541	3.18272727272727	1.87032786885246	10.5994122942551	0.0157272785860126	-12.1764705882353	17.6764705882353	-2.04941176470588	0	0	0	152.058823529412	148	147.941176470588	0	343.052941176471	-3.71764705882353	4.47058823529412	0	0	0	24.4441176470588	0	0	11.6	0	0	21.7379364409528	-61.0792684281582	88.668213346191	-6.05819018862102	108.587791533771	21.5620995504664	2.87553068922346	0.132281677105567
2007-08-09 12:29:35.69	4	-0.25	24.6539344262295	8.09918032786885	678.065573770492	-2.77819672131148	8.62147540983607	4.14475409836066	1.30524590163934	11.7627503196305	0.017347511471821	-9.41	16.2247058823529	-1.31588235294118	0	0	0	153.470588235294	149.705882352941	149.764705882353	0	343.976470588235	-2.44705882352941	5.71764705882353	0	0	0	24.4464705882353	0	0	11.6	0	0	20.1399535061532	-47.5437962510539	81.9749320620471	-3.91309808998485	101.516265763249	18.8021468810251	3.9245926308487	0.194866022389260
2007-08-09 12:30:40.55	4	-0.5	24.6509836065574	8.14590163934426	646.344262295082	-2.58786885245902	8.63901639344262	4.27245901639344	1.06590163934426	13.3452678827886	0.0206473061823142	-10.2	15.8521428571429	-1.99857142857143	0	0	0	151.5	145.785714285714	146.928571428571	0	343.571428571429	-0.685714285714286	4.94285714285714	0	0	0	24.4442857142857	0	0	11.6	0	0.268285714285714	19.7421406189729	-48.6805515316159	75.6559860042824	-5.67081378333891	93.808546391773	18.9558624419562	2.02991990993544	0.102821672133396
2007-08-09 12:31:44.09	4	-0.57	24.6766129032258	8.16322580645161	656.903225806452	-2.53016129032258	8.65016129032258	4.62693548387097	0.99241935483871	9.7252581025539	0.0148047044381836	-12.9345454545455	13.7818181818182	-2.19727272727273	0	0	0	152.909090909091	147.909090909091	148.636363636364	0	341.172727272727	-0.618181818181818	3.78181818181818	0	0	0	24.4663636363636	0	0	11.6	0	0.272090909090909	19.5250680862332	-62.9364368073733	67.0590653640553	-6.33431320921659	94.2722993134243	19.0281104146054	1.71856272819877	0.088018270697376
2007-08-09 12:33:01.86	6	0	24.7404918032787	8.13573770491803	689.27868852459	-2.97950819672131	8.6316393442623	3.50295081967213	1.86704918032787	23.6848271737703	0.0343617575417397	-11.9786666666667	16.342	-1.85666666666667	0	0	0	153.466666666667	147.8	149.733333333333	0	342.333333333333	-3.84	4.4	0	0	0	24.5326666666667	0	0	11.6	0	0	20.5940173545499	-61.7069921144106	84.1842997384543	-5.61071483028884	105.579362863361	20.3469071414361	1.28148178760379	0.0622259254006439
2007-08-09 12:34:06.73	6	-0.25	24.7472131147541	8.14327868852459	706.032786885246	-2.77147540983607	8.63426229508197	4.52934426229508	1.26475409836066	18.7269566962661	0.0265242026207911	-9.20333333333333	12.0613333333333	-1.53	0	0	0	155.666666666667	151.2	151.066666666667	0	342.62	-3.12	5.81333333333333	0	0	0	24.5346666666667	0	0	11.6	0	0	17.0485161842738	-48.770547123185	63.9157362225761	-4.73370333302108	88.6668004937586	15.2485411178323	3.17063128818108	0.185976964441385
2007-08-09 12:35:11.59	6	-0.5	24.7337096774194	8.16709677419355	698.5	-2.58387096774194	8.62725806451613	5.29225806451613	1.15064516129032	25.6283334497161	0.0366905274870667	-8.92428571428571	12.5278571428571	-1.32785714285714	0	0	0	153.928571428571	149.857142857143	151.285714285714	0	343.392857142857	-1.34285714285714	4.6	0	0	0	24.5307142857143	0	0	11.6	0	0	17.2998478684878	-46.6986963102041	65.5553413306122	-4.06530672653061	89.2274069627577	15.4386943973212	1.72893235576411	0.0999391652982925
2007-08-09 12:36:16.45	6	-0.75	24.7585483870968	8.17274193548387	694.564516129032	-2.35451612903226	8.62629032258065	5.35370967741935	1.08112903225806	12.3628488516702	0.0177994247684452	-7.87769230769231	12.6846153846154	-1.34307692307692	0	0	0	155.461538461538	150.384615384615	152.153846153846	0	341.584615384615	-1.26153846153846	1.81538461538462	0	0	0	24.5476923076923	0	0	11.6	0	0.425769230769231	15.2520367079255	-40.9485873131514	65.9351825792272	-4.08918968422545	78.9157594569926	14.9920431953619	1.85537038937410	0.121647385519993
2007-08-09 12:37:19.56	6	-0.79	24.7642622950820	8.18983606557377	758.803278688525	-2.30672131147541	8.60688524590164	6.43786885245902	1.23163934426230	25.6552916387836	0.0338102013516927	-4.93916666666667	12.64	-2.4225	0	0	0	156.75	151.916666666667	153.083333333333	0	344.316666666667	-1.46666666666667	1.63333333333333	0	0	0	24.5533333333333	0	0	11.6	0	0.35175	14.7061959395292	-28.4733718505855	72.8672354023419	-8.04436205058548	82.1250982951288	13.7852629141091	4.11176595392121	0.279594122832885
2007-08-09 12:38:37.98	8	0	24.8483870967742	8.16741935483871	696.306451612903	-2.96564516129032	8.63790322580645	3.67048387096774	1.87370967741935	10.3092966316138	0.0148056887994268	-11.9086666666667	11.2186666666667	-0.972	0	0	0	152.2	147.533333333333	147.933333333333	0	341.846666666667	-4.10666666666667	4.53333333333333	0	0	0	24.6406666666667	0	0	11.6	0	0	16.8087468955853	-62.0847898747773	58.4875353531183	-2.96666870267281	87.39566734129	16.3896188959828	2.40126628799842	0.142858138260687
2007-08-09 12:39:42.84	8	-0.25	24.8488524590164	8.17016393442623	728.868852459016	-2.76032786885246	8.63803278688525	5.30229508196721	1.28032786885246	32.1846109239784	0.0441569300367217	-7.496	10.5333333333333	-0.727333333333333	0	0	0	153.533333333333	149.733333333333	150.466666666667	0	342.246666666667	-3.49333333333333	5.65333333333333	0	0	0	24.6406666666667	0	0	11.6	0	0	14.6061729059972	-41.2332903853864	57.9407673505074	-2.32168697280250	78.6471528997792	12.9487505531958	2.94322218473086	0.201505363771394
2007-08-09 12:40:47.72	8	-0.5	24.8373770491803	8.18245901639344	755.065573770492	-2.57295081967213	8.62754098360656	6.2955737704918	1.28213114754098	35.9702974005215	0.0476386404705229	-6.12352941176471	10.5352941176471	-0.536470588235294	0	0	0	155.470588235294	152.705882352941	152.470588235294	0	340.994117647059	-2.11764705882353	4.25882352941176	0	0	0	24.6223529411765	0	0	11.6	0	0	13.2210093908200	-35.0990644364237	60.3865748373054	-1.77283392290949	73.6576648195982	12.1974520000743	1.87987502399525	0.142188464467815
2007-08-09 12:41:52.67	8	-0.75	24.86	8.2127868852459	854.377049180328	-2.34180327868852	8.58032786885246	8.26540983606557	1.49655737704918	38.150213601161	0.0446526666859339	-1.21625	7.235625	-0.25625	0	0	0	154.6875	151.375	151.1875	0	340.15625	-3	1.6	0	0	0	24.65125	0	0	11.6	0	0	8.81139572841694	-8.03703673934426	47.8133475495316	-0.95616618501171	55.6881130772796	7.34160726718782	2.06960197583613	0.234877883098772
2007-08-09 12:42:57.47	8	-0.97	24.8833870967742	8.23467741935484	915.66129032258	-2.08806451612903	8.54016129032258	9.55758064516129	1.61919354838710	62.0887634163386	0.0678075660427506	-2.43833333333333	7.04	-3.12388888888889	0	0	0	154	147	140.055555555556	0	338.627777777778	-3.51111111111111	1.82222222222222	0	0	0	24.67	0	0	11.6	0	0.254944444444444	9.22403918166133	-17.4310323827957	50.327191240553	-12.4790844555044	59.9234638869642	8.0787221288127	9.06033183768732	0.982252097942138
2007-08-09 12:44:16.63	10	0	24.9550819672131	8.19688524590164	758.131147540984	-2.96950819672131	8.65475409836066	4.47655737704918	1.88540983606557	29.7452939750341	0.0392350242718739	-10.7586666666667	8.55333333333333	-0.800666666666667	0	0	0	154.466666666667	149.8	149.733333333333	0	341.006666666667	-4.34666666666667	4.61333333333333	0	0	0	24.756	0	0	11.6	0	0	14.0818770776743	-61.9579005284621	49.2576443041374	-2.65645014157689	80.4200391256902	13.7676972172788	4.20521079426694	0.298625728024141
2007-08-09 12:45:21.48	10	-0.25	24.9516393442623	8.19295081967213	796.622950819672	-2.77	8.65901639344262	6.22819672131148	1.41393442622951	48.955477709999	0.0614537626108149	-6.64111111111111	9.13222222222222	-0.471666666666667	0	0	0	156.277777777778	152.388888888889	151.666666666667	0	341.05	-4.2	5.75555555555556	0	0	0	24.7455555555556	0	0	11.6	0	0	12.1682999151144	-40.5007529661202	55.6927703912568	-1.64291057049180	73.4732719698921	11.3015179931997	3.29877775194960	0.271096026146771
2007-08-09 12:46:26.34	10	-0.5	24.9640322580645	8.20790322580645	841.274193548387	-2.57467741935484	8.61935483870968	7.6741935483871	1.45209677419355	41.1969159098896	0.048969665568994	-6.35611111111111	9.98166666666667	-0.470555555555556	0	0	0	155.333333333333	150.444444444444	150.388888888889	0	341.505555555556	-2.71111111111111	4.46666666666667	0	0	0	24.7433333333333	0	0	11.6	0	0	12.6129972956125	-41.2666829101895	64.8053921726574	-1.72932714265233	79.951642159517	11.8429405314769	2.35535792179153	0.186740539666241
2007-08-09 12:47:31.20	10	-0.75	24.9624193548387	8.20870967741936	821.41935483871	-2.33967741935484	8.62774193548387	7.7308064516129	1.40903225806452	39.1275963940662	0.0476341300744601	-2.803125	7.16125	0.0793749999999999	0	0	0	155.875	149.8125	150.9375	0	340.95	-2.8	1.825	0	0	0	24.745	0	0	11.6	0	0	9.67495543278195	-17.7080851970046	45.2395184364055	0.284936907373272	57.3051113153436	7.69072894586397	3.05854865340767	0.316130516017086
2007-08-09 12:48:36.09	10	-1	24.9643548387097	8.23096774193548	914.483870967742	-2.04129032258065	8.59483870967742	9.69693548387097	1.54935483870968	44.7348259594516	0.0489181136810116	-2.26066666666667	6.77133333333333	-1.70666666666667	0	0	0	157.733333333333	153.866666666667	153.666666666667	0	340.3	-3.17333333333333	1.76	0	0	0	24.7506666666667	0	0	11.6	0	0.284466666666667	7.78610004574055	-16.1374537568049	48.3362187578495	-6.80903310353303	53.3973787835311	7.33991008119309	1.47729219388973	0.189734550700758
2007-08-09 12:49:39.64	10	-1.15	25.0238709677419	8.25048387096774	1003.77419354839	-1.85048387096774	8.54516129032258	11.3574193548387	1.84290322580645	42.4694371707616	0.0423097519778131	-2.43571428571429	6.57857142857143	-1.23785714285714	0	0	0	161.714285714286	157.142857142857	157.071428571429	0	343.528571428571	-3.48571428571429	1.74285714285714	0	0	0	24.8028571428571	0	0	11.6142857142857	0	0.0740714285714286	7.68283967885227	-19.3058521632653	52.1427854614878	-5.41359628334431	58.9754454757468	7.123383776589	5.21578478914465	0.678887625821684
2007-08-09 12:51:00.69	12	0	25.0580327868852	8.2139344262295	816.196721311475	-2.97180327868852	8.65590163934426	4.98098360655738	1.86770491803279	10.6376997390275	0.0130332546814629	-6.11375	8.5125	-0.1225	0	0	0	154.4375	148.75	148.1875	0	341.525	-4.375	4.65	0	0	0	24.85875	0	0	11.6	0	0	11.3533669524982	-38.3404699651054	53.3834799555035	-0.436995954098360	68.4716037762665	10.4812022956577	2.54532959844446	0.224191608453596
2007-08-09 12:52:05.55	12	-0.25	25.052131147541	8.20901639344262	835.311475409836	-2.76049180327869	8.65196721311476	7.2560655737705	1.50098360655738	19.3369602778432	0.0231494009684899	-5.366875	6.36625	0.195	0	0	0	155.8125	150.25	150.8125	0	341.63125	-4.55	6.025	0	0	0	24.845	0	0	11.6	0	0	8.85791952507755	-34.5617831183841	40.9975920395784	0.711643284309134	55.4239949234935	8.32889616504642	2.5349751740533	0.286181779691784
2007-08-09 12:53:10.41	12	-0.5	25.1045161290323	8.21290322580645	819.435483870968	-2.56919354838710	8.67354838709677	7.26048387096774	1.405	37.3804634551618	0.0456173355815379	-7.14470588235294	7.58294117647059	-0.132352941176471	0	0	0	157.058823529412	152.235294117647	152.529411764706	0	341.847058823529	-3.38823529411765	4.47058823529412	0	0	0	24.8835294117647	0	0	11.6	0	0	11.8764960516586	-45.0099481333695	47.7707262792084	-0.473986500406614	72.2492693516113	10.4194691003035	2.89462979167824	0.243727592640760
2007-08-09 12:54:15.27	12	-0.75	25.1169354838710	8.2308064516129	940.709677419355	-2.32258064516129	8.64048387096774	9.70790322580645	1.62822580645161	29.0705118446619	0.0309027455999081	-2.89	8.50058823529412	-0.272352941176471	0	0	0	157.235294117647	155.235294117647	154.529411764706	0	341.276470588235	-3.17647058823529	1.74117647058824	0	0	0	24.9070588235294	0	0	11.6	0	0	9.9401164928954	-21.2985691096774	62.6471854679317	-1.11729086603416	70.4477297718896	8.9825540059934	1.87203982713999	0.188331779459326
2007-08-09 12:55:20.13	12	-1	25.1464516129032	8.25048387096774	997.709677419355	-2.03048387096774	8.61	11.4504838709677	1.78677419354839	26.5974158098694	0.0266584723109687	-2.03384615384615	9.09692307692308	-1.03692307692308	0	0	0	160.307692307692	156.923076923077	157.846153846154	0	341.607692307692	-3.26153846153846	1.6	0	0	0	24.9338461538462	0	0	11.6	0	0.368615384615385	9.47364664163205	-16.0117588293513	71.6168910423254	-4.50781674356611	74.018212311136	9.37900576353517	1.46686317878833	0.154836171780166
2007-08-09 12:56:24.98	12	-1.23	25.2188524590164	8.26983606557377	1086.21311475410	-1.72803278688525	8.57065573770492	12.3052459016393	2.02934426229508	32.1512647517421	0.0295994076254738	-0.888461538461538	7.06538461538462	-4.23153846153846	0	0	0	162.769230769231	158.384615384615	159.076923076923	0	344.807692307692	-3.41538461538462	1.32307692307692	0	0	0	25.0007692307692	0	0	11.6	0	0.172076923076923	10.7192872700584	-7.6883047112232	61.1403279416321	-20.0050759335615	81.3322827175113	8.2834136332866	9.11313495952199	0.85016239698858
2007-08-09 12:57:45.16	14	0	25.2193548387097	8.22145161290323	828.806451612903	-2.96080645161290	8.70274193548387	5.26032258064516	1.88983870967742	21.5169309695895	0.0259613458941063	-8.62714285714286	5.28928571428571	-1.37857142857143	0	0	0	155	151.071428571429	151.571428571429	0	341.621428571429	-4.45714285714286	4.42857142857143	0	0	0	25.01	0	0	11.6	0	0	10.4523597800627	-55.0622296084266	33.7585535892034	-4.9924960473996	66.018241912003	10.2129621769872	2.28105155227549	0.218233164593748
2007-08-09 12:58:50.02	14	-0.25	25.2324590163934	8.22475409836066	867.770491803279	-2.7544262295082	8.69901639344262	7.88049180327869	1.57295081967213	42.1767682666746	0.0486035981461281	-7.6764705882353	6.10882352941177	-1.34294117647059	0	0	0	155.882352941176	150.823529411765	150.941176470588	0	341.452941176471	-4.70588235294118	5.83529411764706	0	0	0	25.0194117647059	0	0	11.6	0	0	10.4884702495602	-51.633592246866	41.0892609566056	-5.0883151753134	68.818946945883	9.90199053771496	2.56520054052219	0.244573372425759
2007-08-09 12:59:54.78	14	-0.5	25.2347540983607	8.21901639344262	867.032786885246	-2.55983606557377	8.70229508196721	8.11229508196721	1.49262295081967	25.7345210518963	0.0296811394461168	-5.63823529411765	6.89176470588235	-0.114705882352941	0	0	0	156.411764705882	152.176470588235	151.941176470588	0	340.141176470588	-4.04705882352941	4.32941176470588	0	0	0	25.0170588235294	0	0	11.6	0	0	9.74452271542732	-37.8872858856592	46.3106355176195	-0.434249370987739	63.6924134631639	8.9050140613323	2.70339497004295	0.277427129987906
2007-08-09 13:00:59.73	14	-0.75	25.2440983606557	8.23327868852459	920.672131147541	-2.30950819672131	8.68327868852459	9.81688524590164	1.64590163934426	31.3765949456360	0.0340800963601752	-2.86058823529412	7.10882352941176	0.533529411764706	0	0	0	157.941176470588	152.529411764706	153.764705882353	0	339.858823529412	-3.34117647058824	1.81176470588235	0	0	0	25.0305882352941	0	0	11.6	0	0	8.71366928061014	-20.5760930013500	51.1334739710704	2.14279266036644	58.9696475323281	7.68134042061927	3.23660847144207	0.371440361943073
2007-08-09 13:02:04.66	14	-1	25.2985245901639	8.26311475409836	1054.67213114754	-2.01229508196721	8.64819672131147	11.7381967213115	1.9172131147541	25.7621953719498	0.0244267337792639	-1.77642857142857	9.96857142857143	0.593571428571429	0	0	0	162.214285714286	157.285714285714	157.714285714286	0	340.992857142857	-3.62857142857143	1.8	0	0	0	25.0814285714286	0	0	11.6	0	0.248285714285714	10.7986563884238	-14.8779828457678	83.4889942080964	2.72572559518234	87.0061120439287	10.1429996468863	2.23271278366685	0.206758387650923
2007-08-09 13:03:09.59	14	-1.23	25.4042622950820	8.28639344262295	1133.22950819672	-1.72819672131148	8.63983606557377	13.8716393442623	2.16262295081967	12.4343522048436	0.0109724924341496	-2.83153846153846	8.56846153846154	-4.97	0	0	0	163.615384615385	159.307692307692	158.769230769231	0	342.346153846154	-3.6	1.78461538461538	0	0	0	25.1730769230769	0	0	11.6153846153846	0	0.209230769230769	12.0354414368505	-25.6773026970276	77.7015687971176	-24.5003559606557	95.073024725528	10.3022833971536	9.45165700843788	0.785318682163038
2007-08-09 13:04:29.83	16	0	25.3626229508197	8.22852459016394	819.967213114754	-2.9572131147541	8.75081967213115	5.53032786885246	1.88114754098361	29.4108637599072	0.0358683411842605	-6.14105263157895	5.19894736842105	-0.337368421052632	0	0	0	156.421052631579	151.684210526316	151.263157894737	0	341.157894736842	-4.75789473684210	4.56842105263158	0	0	0	25.1610526315789	0	0	11.6	0	0	8.46139522359837	-38.715981267398	32.7765223653889	-1.20896522006656	53.011899473868	8.053284958013	2.91126477412660	0.344064388578285
2007-08-09 13:05:34.73	16	-0.25	25.3644262295082	8.23016393442623	884.213114754098	-2.75114754098361	8.74131147540984	7.97524590163934	1.62081967213115	8.99650812648693	0.0101745925008010	-6.475	6.06875	-1.306875	0	0	0	155.8125	151.0625	152.6875	0	341.6625	-4.725	6.175	0	0	0	25.1475	0	0	11.6	0	0	9.21569873197521	-44.4915768196721	41.7001168840749	-5.04400177306792	62.5545531762228	8.97013231943236	1.8367335154839	0.199304856734420
2007-08-09 13:06:39.59	16	-0.5	25.3445901639344	8.23	919.409836065574	-2.55131147540984	8.72901639344262	9.25901639344262	1.6	18.9573003081314	0.0206189879251839	-4.03722222222222	6.91111111111111	0.0805555555555555	0	0	0	156.722222222222	152.722222222222	151.888888888889	0	341.894444444444	-4.44444444444444	4.33333333333333	0	0	0	25.1316666666667	0	0	11.6	0	0	8.84732071657096	-28.9946099183971	49.6343673296903	0.323095074681238	60.5455412780304	8.00431816329531	2.11013367971317	0.238505390198064
2007-08-09 13:07:44.45	16	-0.75	25.3780327868852	8.24590163934426	975.131147540984	-2.30672131147541	8.71704918032787	10.7132786885246	1.73852459016393	17.6922538698306	0.0181434609226109	-3.24882352941176	7.2135294117647	0.1	0	0	0	157.882352941176	153.117647058824	153	0	341.547058823529	-3.67058823529412	1.95294117647059	0	0	0	25.1658823529412	0	0	11.6	0	0	9.3141556770862	-24.9296615537126	55.3526054016256	0.425027784543326	66.431509364022	7.91200738748732	3.57987926115399	0.384348231365820
2007-08-09 13:08:49.31	16	-1	25.4574193548387	8.27193548387097	1086.69354838710	-2.00435483870968	8.68967741935484	12.6509677419355	1.99080645161290	22.8857380670729	0.0210599741767498	-1.47214285714286	11.1607142857143	-1.72357142857143	0	0	0	163.642857142857	158.5	159.071428571429	0	342.407142857143	-3.37142857142857	1.6	0	0	0	25.2335714285714	0	0	11.6	0	0.281928571428571	11.5835521748095	-12.7454329493088	96.6265841013825	-8.15193686635945	98.733760152181	11.3885664782084	1.12955968918202	0.0975141020764296
2007-08-09 13:09:52.86	16	-1.11	25.5632258064516	8.29854838709677	1159.72580645161	-1.87096774193548	8.70951612903226	13.1912903225806	2.21838709677419	29.8027225925609	0.0256980765856609	-0.253571428571429	9.46642857142857	-4.45357142857143	0	0	0	162.857142857143	158.071428571429	158	0	343.628571428571	-3.37142857142857	1.62857142857143	0	0	0	25.3371428571429	0	0	11.6	0	0.255	12.1683133118316	-2.35874554707044	88.0576189727452	-22.4616207478604	100.626931283437	10.4647917722588	6.51908332413632	0.535742559964956
2007-08-09 13:11:13.03	18	0	25.4846774193548	8.23129032258065	859.129032258065	-2.95209677419355	8.79532258064516	5.82225806451613	1.88580645161290	18.1843779747016	0.0211660615482953	-8.67842105263158	6.52421052631579	-0.694736842105263	0	0	0	153.894736842105	148.947368421053	149.526315789474	0	341.494736842105	-4.56842105263158	4.65263157894737	0	0	0	25.2789473684211	0	0	11.6	0	0	11.3523608555714	-57.7112632430754	43.3858220123211	-2.60651381227262	75.1089991546513	10.8794749063651	2.04914964874184	0.180504273499743
2007-08-09 13:12:17.89	18	-0.25	25.4765573770492	8.22180327868853	915.11475409836	-2.75049180327869	8.78409836065574	8.86901639344262	1.67803278688525	36.9351225622513	0.0403611922951046	-3.83294117647059	6.04470588235294	0.0847058823529412	0	0	0	156	150.764705882353	151.764705882353	0	341.458823529412	-4.75294117647059	5.69411764705882	0	0	0	25.2558823529412	0	0	11.6	0	0	7.71250120939923	-27.3822509815677	43.182936016972	0.338177971401019	53.5541962972544	7.15800826717469	1.92107597805343	0.249085987268593
2007-08-09 13:13:22.75	18	-0.5	25.5055737704918	8.2288524590164	965.852459016393	-2.55327868852459	8.79508196721311	10.3686885245902	1.7927868852459	43.2611588940063	0.0447906494311384	-4.14529411764706	7.01705882352941	0.0564705882352941	0	0	0	158.470588235294	153.117647058824	153.294117647059	0	340.764705882353	-4.35294117647059	4.18823529411765	0	0	0	25.3017647058824	0	0	11.6	0	0	8.69969825213057	-31.469324733765	53.2705512628186	0.237764103264912	64.3618715345032	8.1502004136099	1.91587211655519	0.220222823945186
2007-08-09 13:14:27.61	18	-0.75	25.5357377049180	8.24147540983606	1000.73770491803	-2.31098360655738	8.78622950819672	10.7247540983607	1.79885245901639	27.9325984227177	0.0279120075974409	-3.85882352941176	10.2111764705882	0.439411764705882	0	0	0	159.529411764706	153.470588235294	153.823529411765	0	341.494117647059	-3.50588235294118	1.71764705882353	0	0	0	25.3282352941176	0	0	11.6	0	0	11.8696751587423	-30.4822586471966	80.6618182708362	1.91597277751756	89.8469940199777	10.9248215840625	2.79661176292965	0.235609797701151
2007-08-09 13:15:32.47	18	-1	25.5991803278689	8.2711475409836	1098.01639344262	-2.01245901639344	8.75918032786885	12.8195081967213	2.00016393442623	42.6417212767335	0.0388352319067281	-3.18785714285714	9.36071428571429	-1.38357142857143	0	0	0	162.642857142857	159.071428571429	159.285714285714	0	342.121428571429	-3.31428571428571	1.62857142857143	0	0	0	25.3742857142857	0	0	11.6	0	0.359571428571429	10.1783099682270	-27.9181109025092	81.977782517899	-6.61116543298762	87.8001918287344	9.98497245865005	1.12109790520398	0.110145781441482
2007-08-09 13:16:36.02	18	-1.12	25.6575806451613	8.29435483870968	1129.45161290323	-1.87064516129032	8.76370967741935	13.8782258064516	2.12693548387097	9.07469444791997	0.00803460223018647	-2.71714285714286	8.30928571428571	-2.89857142857143	0	0	0	162.357142857143	159.071428571429	158.428571428571	0	343.15	-3.54285714285714	1.54285714285714	0	0	0	25.4285714285714	0	0	11.6	0	0.210642857142857	10.3221486636987	-24.5493591689269	75.0743152502963	-14.2418841353522	86.2914936512006	9.21025573555293	3.6102413887231	0.349756771225329
2007-08-09 13:17:56.19	20	0	25.6458064516129	8.23709677419355	862.83870967742	-2.95064516129032	8.85258064516129	5.92822580645161	1.90225806451613	34.3950976054929	0.0398627196713877	-6.675	7.37375	-0.54625	0	0	0	155.375	150.125	150.25	0	342.0125	-4.45	4.65	0	0	0	25.4275	0	0	11.6	0	0	10.1337679192813	-44.6070403410138	49.2765788336405	-2.05812862949309	67.5254358576107	9.96123502006654	1.65321835884463	0.163139552041554
2007-08-09 13:19:01.05	20	-0.25	25.7133870967742	8.25064516129032	1080.87096774194	-2.75	8.85548387096774	11.5222580645161	2.06419354838710	83.6265084396223	0.0773695574545108	-4.27625	11.328125	-1.098125	0	0	0	163.875	158.5	159.4375	0	342.51875	-4.575	5.85	0	0	0	25.49625	0	0	11.6	0	0	12.3390695275050	-36.8029903036866	97.4940367223502	-5.16630142258064	105.655680271088	12.1580676340342	2.12306399850735	0.172060299504338
2007-08-09 13:20:05.91	20	-0.5	25.7724590163934	8.2511475409836	1109.77049180328	-2.55081967213115	8.85639344262295	11.9206557377049	2.09688524590164	84.9367202574212	0.0765353925741949	-4.61133333333333	11.4393333333333	-0.928	0	0	0	159.466666666667	155.6	154.666666666667	0	343.346666666667	-3.89333333333333	4.10666666666667	0	0	0	25.558	0	0	11.6	0	0	12.7519736280276	-40.8626225422638	101.367896516222	-4.48116569330211	112.084589419903	12.3686671158303	2.90389798191663	0.22772145446836
2007-08-09 13:21:10.77	20	-0.75	25.7952459016393	8.26688524590164	1137.50819672131	-2.30049180327869	8.85852459016393	12.5493442622951	2.10934426229508	66.683486949124	0.0586224232417214	-4.16529411764706	10.9747058823529	-1.76882352941176	0	0	0	161.117647058824	158.235294117647	158.411764705882	0	341.105882352941	-3.12941176470588	1.78823529411765	0	0	0	25.5811764705882	0	0	11.6	0	0	12.6620541526495	-37.9294694631216	99.936465438986	-8.7522011258851	112.469974017409	11.8710817101416	1.71535416899334	0.135472029128418
2007-08-09 13:22:15.63	20	-1	25.7639344262295	8.28245901639344	1113.27868852459	-2.00147540983607	8.85016393442623	12.3563934426230	2.02245901639344	58.7094913245269	0.0527356644204998	-3.30411764705882	12.3664705882353	0.128823529411765	0	0	0	163.588235294118	158.882352941176	159.470588235294	0	341.617647058824	-2.91764705882353	1.74117647058824	0	0	0	25.5576470588235	0	0	11.6	0	0.398588235294118	13.4273018010198	-29.3812014839510	109.96635193112	0.624010556826009	116.608961926808	12.8009133946381	1.26151515680627	0.0939515008674685
2007-08-09 13:23:20.05	20	-1.18	25.8016129032258	8.30725806451613	1140.69354838710	-1.78	8.85612903225806	13.5588709677419	2.16677419354839	34.3012635190865	0.0300705334641257	-3.79461538461538	11.6307692307692	-4.90846153846154	0	0	0	163.384615384615	159.846153846154	158.615384615385	0	344.361538461538	-3.13846153846154	1.66153846153846	0	0	0	25.58	0	0	11.6	0	0.239	14.7814131621131	-34.6606856147465	106.237495741935	-24.3544271659695	122.975408033199	13.1820671175322	7.81386974180009	0.528628058501752
2007-08-09 13:24:40.77	22	0	25.7914754098361	8.25737704918033	930.688524590164	-2.95508196721311	8.91245901639344	7.74704918032787	1.91049180327869	63.9381318107868	0.068699817523744	-7.31235294117647	7.63882352941176	-0.660588235294118	0	0	0	156.294117647059	152.294117647059	152.941176470588	0	342.482352941176	-4.68235294117647	4.56470588235294	0	0	0	25.6	0	0	11.6	0	0	10.8834632121334	-53.2436687123846	55.6208094199201	-2.68152684457914	78.7237674711266	10.5952115253277	2.75461980897965	0.253101403045004
2007-08-09 13:25:45.63	22	-0.25	25.8083606557377	8.22918032786885	961.934426229508	-2.75032786885246	8.93098360655738	9.42032786885246	1.77606557377049	55.3633057937774	0.057554137043192	-9.09117647058824	9.68529411764706	-1.01470588235294	0	0	0	156	152.764705882353	152.823529411765	0	343.735294117647	-4.49411764705882	5.83529411764706	0	0	0	25.5952941176471	0	0	11.6	0	0	13.6417135902111	-68.7021117129081	73.1918647268219	-4.25523979060477	102.759986689869	13.3223136050908	2.71155346947377	0.198769271290046
2007-08-09 13:26:50.48	22	-0.5	25.912131147541	8.25032786885246	1177.26229508197	-2.56131147540984	8.9155737704918	12.4598360655738	2.18754098360656	77.7124832613449	0.0660111884887421	-4.64235294117647	15.5041176470588	-1.03647058823529	0	0	0	164.294117647059	160.470588235294	161.058823529412	0	346.758823529412	-2.47058823529412	4.30588235294118	0	0	0	25.69	0	0	11.6	0	0	17.7570082996386	-43.9018824424301	146.619604097203	-5.30555225303761	166.864467724565	16.2173788302724	2.18371896359783	0.122977864668919
2007-08-09 13:27:55.34	22	-0.75	25.9291803278689	8.26803278688524	1193.01639344262	-2.33032786885246	8.92196721311475	13.6355737704918	2.28704918032787	52.498410072204	0.0440047683843741	-6.70222222222222	14.4877777777778	-0.851666666666667	0	0	0	164.388888888889	159.555555555556	159.833333333333	0	345.766666666667	-2.31111111111111	1.55555555555556	0	0	0	25.7216666666667	0	0	11.6	0	0	17.1583364471122	-64.3132725258392	139.022009360812	-4.41722186229508	160.818123725718	15.9856443024807	2.44335264627056	0.142400322653761
2007-08-09 13:29:00.20	22	-1	25.981935483871	8.30822580645161	1248.93548387097	-2.03338709677419	8.92096774193548	14.9056451612903	2.41048387096774	24.2972513912966	0.0194543687044501	-5.135625	16.5425	-1.809375	0	0	0	165.0625	162.3125	162.25	0	345.44375	-1.825	1.2	0	0	0	25.754375	0	0	11.6	0	0	17.7377188053570	-51.8142417241936	166.900249477419	-9.81921430645161	177.573900202851	17.4155903799225	2.17369279205335	0.122546355363175
2007-08-09 13:30:05.06	22	-1.24	25.9725806451613	8.32467741935484	1215.06451612903	-1.74354838709677	8.93822580645161	15.3945161290323	2.39403225806452	49.1727870122176	0.0404692807332346	-6.50727272727273	13.86	-5.37272727272727	0	0	0	166	162	160.909090909091	0	341.890909090909	-1.96363636363636	1.12727272727273	0	0	0	25.7681818181818	0	0	11.6	0	0.235272727272727	18.4431801560520	-63.7084166709677	135.694121341935	-28.3750157419355	163.801690080311	16.2268418582981	8.52515080831723	0.462238656033503
2007-08-09 13:31:25.56	24	0	25.9626229508197	8.2555737704918	893.377049180328	-2.96081967213115	8.9739344262295	6.28081967213115	1.92459016393443	79.6860849279693	0.0891964764497602	-7.48058823529412	7.65764705882353	-1.59294117647059	0	0	0	152.882352941176	147.058823529412	148.117647058824	0	343.270588235294	-4.49411764705882	4.51764705882353	0	0	0	25.7652941176471	0	0	11.6	0	0	11.0983173536212	-52.0060823285852	53.2370197179777	-6.21082795624742	76.471669744487	10.8229487855771	2.35013939229235	0.211756369673961
2007-08-09 13:32:30.31	24	-0.25	25.9714754098361	8.22868852459017	996.229508196721	-2.75459016393443	8.99147540983606	9.46983606557377	1.84409836065574	103.424270756050	0.103815707028452	-8.441875	10.765	-1.180625	0	0	0	159.875	153.9375	154.8125	0	344.88125	-4.575	5.9	0	0	0	25.76	0	0	11.6	0	0	14.0719378135820	-66.3496816692037	84.6084931569087	-5.12502289578454	109.625408654324	13.7311453967340	2.58409569909071	0.183634673015438
2007-08-09 13:33:35.17	24	-0.5	26.0580645161290	8.2541935483871	1227.75806451613	-2.56403225806452	8.97774193548387	13.5530645161290	2.32774193548387	78.3130928240476	0.0637854436369852	-6.2664705882353	15.05	-1.49470588235294	0	0	0	165.352941176471	161.117647058824	160.941176470588	0	346.805882352941	-1.95294117647059	4.32941176470588	0	0	0	25.8382352941176	0	0	11.6	0	0	18.0235862327626	-62.0526848236378	149.030126838710	-7.9755290686907	177.455073563455	16.370867396322	2.95192805926147	0.163781392955835
2007-08-09 13:34:40.02	24	-0.75	26.0680645161290	8.2658064516129	1194.33870967742	-2.33483870967742	8.9816129032258	13.925	2.32370967741935	52.0305533028076	0.0435643196366469	-6.49466666666667	17.7913333333333	-2.61533333333333	0	0	0	164.066666666667	159	158.533333333333	0	345.626666666667	-1.04	1.57333333333333	0	0	0	25.8473333333333	0	0	11.6	0	0	19.7278120827916	-62.3973789094931	170.929875893825	-13.5794489526267	188.056060965525	19.1194195867273	2.71540389512059	0.137643438802279
2007-08-09 13:35:44.88	24	-1	26.0552459016393	8.29377049180328	1168.67213114754	-2.04918032786885	8.97049180327869	13.1985245901639	2.16163934426230	72.09801691944	0.0616922531117821	-8.412	16.7306666666667	-2.29666666666667	0	0	0	164.666666666667	160.466666666667	161.666666666667	0	343.36	-1.04	1.68	0	0	0	25.8433333333333	0	0	11.6	0	0	19.1613058959632	-78.913201310726	156.950840077190	-11.6715476946136	178.573976768219	18.8666803886876	2.80711399101697	0.146499095951929
2007-08-09 13:36:49.75	24	-1.25	26.1088524590164	8.33262295081967	1240.44262295082	-1.73754098360656	8.97655737704918	15.9767213114754	2.49688524590164	22.6969341469752	0.0182974478037386	-6.21	12.8493333333333	-1.37266666666667	0	0	0	167	161.2	162.466666666667	0	345.653333333333	-1.78666666666667	1.46666666666667	0	0	0	25.8906666666667	0	0	11.6	0	0.266733333333333	14.9635704424853	-62.1884804290398	128.676411356877	-7.39916633604996	149.113443483347	14.3371434005833	2.22239886788555	0.148520627241184
2007-08-09 13:37:52.86	24	-1.28	26.1131147540984	8.33803278688525	1204.50819672131	-1.71459016393443	8.98360655737705	14.9909836065574	2.3072131147541	47.5263516205553	0.0394570595284637	-8.71533333333333	14.2366666666667	-4.60466666666667	0	0	0	164.666666666667	160.733333333333	161.8	0	341.386666666667	-1.14666666666667	1.78666666666667	0	0	0	25.888	0	0	11.6	0	0.2678	18.774624768463	-84.5143630569867	138.055857345824	-24.1097758563622	171.165107308705	17.3159656964317	7.19826800622019	0.383404094355675
2007-08-09 13:39:14.02	26	0	26.1849180327869	8.31737704918033	1172.42622950820	-2.95737704918033	9.05016393442623	11.6027868852459	2.11442622950820	70.0436670980785	0.059742494099147	-11.452	17.382	-1.64266666666667	0	0	0	162.266666666667	158.466666666667	158.333333333333	0	343.946666666667	-4.18666666666667	4.26666666666667	0	0	0	25.9633333333333	0	0	11.6	0	0	21.092829622006	-107.810835876721	163.636740238314	-8.374451004153	197.969266900085	20.8801480305523	3.66893890903646	0.173942471199249
2007-08-09 13:40:18.77	26	-0.25	26.2257377049180	8.30344262295082	1281.39344262295	-2.75655737704918	9.04852459016393	14.1683606557377	2.50180327868852	43.5156212137376	0.0339596097235079	-8.59666666666667	17.8966666666667	-2.13222222222222	0	0	0	166.388888888889	161.111111111111	162.555555555556	0	346.177777777778	-2.97777777777778	5.57777777777778	0	0	0	25.9944444444444	0	0	11.6	0	0	21.4272324117766	-89.1951559063232	185.687782885246	-11.8686539703357	221.212529974357	19.9684683228457	2.42462126928290	0.113156063400438
2007-08-09 13:41:23.63	26	-0.5	26.2108196721311	8.2811475409836	1220.54098360656	-2.56163934426230	9.04754098360656	13.7644262295082	2.38606557377049	51.3226960094953	0.0420491377994065	-10.0922222222222	18.3466666666667	-2.28611111111111	0	0	0	164.166666666667	159.722222222222	160.055555555556	0	347.577777777778	-1.42222222222222	4.33333333333333	0	0	0	25.9888888888889	0	0	11.6	0	0	21.6852695112857	-99.2939303258912	180.506592264793	-12.1274513109550	212.089786280847	21.0636993705484	1.94372371572564	0.0896333667752693
2007-08-09 13:42:28.48	26	-0.75	26.2429508196721	8.28672131147541	1259.36065573770	-2.34311475409836	9.04229508196721	14.8475409836066	2.44901639344262	45.6986625577034	0.0362871925127232	-8.778	19.2513333333333	-2.79733333333333	0	0	0	166.066666666667	160.8	161.133333333333	0	345.613333333333	-0.213333333333333	1.78666666666667	0	0	0	26.02	0	0	11.6	0	0	21.4773135685259	-89.3702150793443	196.000888649368	-15.3060363361124	216.942868230227	21.3422630685897	1.89129260764441	0.0880600174509732
2007-08-09 13:43:33.34	26	-1	26.2377049180328	8.31377049180328	1218.70491803279	-2.08147540983607	9.04540983606557	14.5568852459016	2.35836065573770	35.3790636122058	0.0290300491027098	-9.008125	19.31875	-2.28	0	0	0	165	161.25	162.1875	0	343.35625	-0.3	1.7	0	0	0	26.015625	0	0	11.6	0	0	21.8700750175234	-88.481942002459	189.757637361827	-12.0770440243560	213.624755179568	21.4373230040069	1.68193934980594	0.0769059707595097
2007-08-09 13:44:38.20	26	-1.25	26.2651612903226	8.3416129032258	1241.06451612903	-1.76693548387097	9.04951612903226	15.9280645161290	2.47483870967742	49.6386519703563	0.0399968344314467	-6.54214285714286	18.3285714285714	-2.30142857142857	0	0	0	166.357142857143	161.357142857143	162.285714285714	0	343.15	-0.6	1.25714285714286	0	0	0	26.0414285714286	0	0	11.6	0	0.303642857142857	19.925580772156	-65.5505373084924	183.647427375905	-12.4116768284398	198.443340382259	19.5967532322295	2.40042195797085	0.120469359735059
2007-08-09 13:45:41.31	26	-1.3	26.2995081967213	8.35344262295082	1267.55737704918	-1.72819672131148	9.05409836065574	16.1452459016393	2.50049180327869	32.6330735043268	0.0257448491841018	-10.8953846153846	20.1376923076923	-4.53538461538461	0	0	0	167.846153846154	163.230769230769	162.692307692308	0	341.323076923077	0.0307692307692307	1.87692307692308	0	0	0	26.0684615384615	0	0	11.6	0	0.304076923076923	23.5847772341998	-111.715582730031	206.481378162205	-24.9757967380292	237.612928835274	23.3410747611569	11.1333589442240	0.472056989712829
2007-08-09 13:47:02.25	28	0	26.3506451612903	8.33354838709677	1214.32258064516	-2.96822580645161	9.12709677419355	12.0477419354839	1.98838709677419	46.3807387217866	0.0381947428640789	-11.0270588235294	17.2194117647059	-2.08647058823529	0	0	0	162.411764705882	158.588235294118	159.176470588235	0	344.523529411765	-4.21176470588235	4.49411764705882	0	0	0	26.1405882352941	0	0	11.6	0	0	20.7807289970809	-107.886479171157	168.471188775061	-11.0126371413391	202.361577423519	20.5537716085306	3.24144585744517	0.155983260158992
2007-08-09 13:48:07.00	28	-0.25	26.3796774193548	8.30983870967742	1290.04838709677	-2.76	9.1183870967742	14.1432258064516	2.51548387096774	26.7780356650223	0.0207573885854667	-9.79705882352941	17.4905882352941	-2.07705882352941	0	0	0	164.529411764706	161	161.588235294118	0	346.7	-3.01176470588235	5.81176470588235	0	0	0	26.15	0	0	11.6	0	0	21.6518495855791	-102.398002822445	182.810100025373	-11.6388452532394	225.427215042277	20.1548309783214	1.87048392633406	0.086389105879429
2007-08-09 13:49:11.88	28	-0.5	26.3583606557377	8.28754098360656	1247.81967213115	-2.56786885245902	9.11737704918033	14.3924590163934	2.47819672131148	50.7961639617013	0.0407079364880878	-10.614375	17.3925	-2.169375	0	0	0	164.4375	160.9375	160.625	0	347.9875	-0.925	4.725	0	0	0	26.145625	0	0	11.6	0	0	21.3982423145332	-106.985838333372	175.304828896019	-11.7624800915691	214.400086332632	20.4907345105355	2.40275416382053	0.112287454665781
2007-08-09 13:50:16.63	28	-0.75	26.3891803278689	8.28950819672131	1281.95081967213	-2.34508196721311	9.10934426229508	15.4913114754098	2.54049180327869	47.6572576597760	0.0371755740769873	-8.89375	18.58	-2.305	0	0	0	167	161.5625	162.875	0	345.04375	-0.475	1.825	0	0	0	26.165	0	0	11.6	0	0	21.0727730014314	-92.3212956896955	192.869113019204	-12.8359129873536	217.515266081498	20.7274748597725	2.57837168877662	0.122355595469162
2007-08-09 13:51:21.48	28	-1	26.4086885245902	8.32704918032787	1305.78688524590	-2.07950819672131	9.10754098360656	16.3839344262295	2.60409836065574	35.8269520306051	0.0274370591674753	-7.80176470588235	17.5870588235294	-1.30823529411765	0	0	0	167.823529411765	162.411764705882	162.823529411765	0	342.176470588235	-0.588235294117647	1.43529411764706	0	0	0	26.1847058823529	0	0	11.6	0	0.0238235294117647	19.5365375026777	-82.6267045469624	186.260515158341	-7.41920223413693	205.388252024496	19.2842850573468	2.01301454462482	0.103038450101453
2007-08-09 13:52:26.34	28	-1.25	26.4363934426230	8.35852459016393	1312.88524590164	-1.79901639344262	9.11409836065574	17.5352459016393	2.68803278688525	37.0104032044396	0.0281901280557253	-6.57307692307692	18.0184615384615	-1.67461538461538	0	0	0	166.384615384615	164.153846153846	163.923076923077	0	341.584615384615	0.0307692307692308	1.53846153846154	0	0	0	26.2153846153846	0	0	11.6	0	0.325538461538462	19.9976468595323	-70.0256109191137	191.957859586813	-9.54807994552333	209.972995939246	19.2529123286867	4.28037927699069	0.214044147646820
2007-08-09 13:53:29.89	28	-1.36	26.4470967741936	8.36725806451613	1303.11290322581	-1.64774193548387	9.12290322580645	17.2446774193548	2.67435483870968	12.4678009402446	0.00956770584450587	-7.995	17.9328571428571	-3.33928571428571	0	0	0	167.285714285714	162.785714285714	162.785714285714	0	344.214285714286	-0.6	1.71428571428571	0	0	0	26.2278571428571	0	0	11.6	0	0.150642857142857	21.7206396264655	-84.48459599447	189.499711162080	-18.899229479921	223.288200412838	19.9162802598215	11.1040117457299	0.511219371836558
2007-08-09 13:54:51.70	30	0	26.5226229508197	8.34688524590164	1307.39344262295	-2.96213114754098	9.1744262295082	13.8118032786885	2.44901639344262	34.8555489071322	0.0266603363385420	-10.4964705882353	17.34	-1.00529411764706	0	0	0	165.882352941176	160.764705882353	161.117647058824	0	344.088235294118	-3.92941176470588	4.54117647058824	0	0	0	26.2923529411765	0	0	11.6	0	0	20.5458857946255	-111.314499304918	183.889756249180	-5.70811669199614	216.985007882711	20.2943861960066	1.74819742058596	0.0850874689979664
2007-08-09 13:55:56.56	30	-0.25	26.5214754098361	8.32131147540984	1341.57377049180	-2.76	9.18049180327869	15.4406557377049	2.74459016393443	17.004371022763	0.0126749429638367	-9.73933333333333	18.4686666666667	-1.94666666666667	0	0	0	165.8	162.733333333333	161.8	0	346.373333333333	-2.72	5.54666666666667	0	0	0	26.3	0	0	11.6	0	0	22.3069907151082	-106.222172659235	201.42876645758	-11.3392051359875	242.289682859515	20.9698777615258	1.85006715208519	0.0829366531646138
2007-08-09 13:57:01.42	30	-0.5	26.5183606557377	8.30049180327869	1280.22950819672	-2.57049180327869	9.1783606557377	15.0175409836066	2.55918032786885	27.6968069414887	0.0216342513308425	-12.5326315789474	19.5147368421053	-1.73684210526316	0	0	0	165.315789473684	160.526315789474	162.210526315789	0	348.284210526316	-0.736842105263158	5.03157894736842	0	0	0	26.2978947368421	0	0	11.6	0	0	23.9540432766753	-129.904261281006	202.275751712461	-9.65915051892025	245.822045872847	23.2574381394182	2.1577329059833	0.0900780248687427
2007-08-09 13:58:06.28	30	-0.75	26.552131147541	8.29934426229508	1340.67213114754	-2.34393442622951	9.18049180327869	16.4001639344262	2.67983606557377	28.0723596630062	0.0209390193253125	-7.72944444444444	16.3538888888889	-1.78555555555556	0	0	0	167.722222222222	163.111111111111	162.111111111111	0	346.638888888889	-0.711111111111111	1.75555555555556	0	0	0	26.3311111111111	0	0	11.6	0	0	19.6590399900888	-84.2398039074681	178.233817841166	-10.3938254367942	208.753535521694	18.1764188401305	1.95385049740603	0.0993868723188455
2007-08-09 13:59:11.14	30	-1	26.5638709677419	8.33258064516129	1329.51612903226	-2.08758064516129	9.18693548387097	17.3745161290323	2.71419354838710	29.4004248522241	0.0221136278155755	-9.17105263157895	17.4478947368421	-2.34842105263158	0	0	0	164.842105263158	162.105263157895	162.631578947368	0	342.436842105263	-0.631578947368421	1.43157894736842	0	0	0	26.3363157894737	0	0	11.6	0	0	20.017228475834	-99.0485686878486	188.439546661169	-13.5577182789231	214.935918954772	19.8507510830083	2.42623758545042	0.121207468275616
2007-08-09 14:00:16.00	30	-1.25	26.5685483870968	8.35967741935484	1302.80645161290	-1.79290322580645	9.17677419354839	17.1680645161290	2.67145161290323	19.5295813538917	0.0149903934922288	-8.73875	15.613125	-1.714375	0	0	0	168.0625	163.5	164.5	0	341.3	0	1.6	0	0	0	26.34625	0	0	11.6	0	0.352125	18.5728657673727	-92.3203077184332	164.944471972120	-9.70052595990783	194.162230746865	17.9742734336815	3.32035655710313	0.178774595083547
2007-08-09 14:01:19.55	30	-1.42	26.5964516129032	8.37516129032258	1344.93548387097	-1.57306451612903	9.18112903225806	18.1911290322581	2.81225806451613	33.5152869293812	0.0249196242729191	-5.548	11.0593333333333	-5.048	0	0	0	169.066666666667	165.6	165.066666666667	0	344.306666666667	-1.73333333333333	1.92	0	0	0	26.3753333333333	0	0	11.6	0	0.125066666666667	15.1059684786170	-60.673891357788	120.946789682089	-29.4771897747465	148.685931551123	13.3630633380890	12.2202573179755	0.808968808274271
2007-08-09 14:02:42.98	32	0	26.6726984126984	8.36126984126984	1383.74603174603	-2.96015873015873	9.22650793650794	15.5147619047619	2.67301587301587	7.8944003305901	0.00570509338381179	-10.2073684210526	15.7342105263158	-1.16473684210526	0	0	0	165.210526315789	160.894736842105	160.947368421053	0	344.284210526316	-4.14736842105263	4.65263157894737	0	0	0	26.4457894736842	0	0	11.6	0	0	19.2201621152744	-115.124759739157	177.459765515217	-6.99558928158492	215.700206070993	18.7912842264941	1.58471513368617	0.082450664265042
2007-08-09 14:03:48.72	32	-0.25	26.6632786885246	8.32639344262295	1350.37704918033	-2.75131147540984	9.23901639344262	15.5522950819672	2.69918032786885	50.1873702354242	0.0371654496541449	-11.6361111111111	19.1977777777778	-1.24722222222222	0	0	0	166.777777777778	161.722222222222	163.222222222222	0	347.35	-2.68888888888889	5.86666666666667	0	0	0	26.4344444444444	0	0	11.6	0	0	23.9920994532014	-127.813183090814	210.871919545772	-7.31216841113713	261.672706158676	22.4835343455309	3.18179332432765	0.132618378418029
2007-08-09 14:04:53.58	32	-0.5	26.6909836065574	8.31918032786885	1373.80327868852	-2.56393442622951	9.25672131147541	16.7272131147541	2.77754098360656	36.9814456505471	0.0269190256161354	-10.7522222222222	21.1161111111111	-1.44055555555556	0	0	0	166.888888888889	163.055555555556	161.833333333333	0	348.45	-0.711111111111111	4.57777777777778	0	0	0	26.4638888888889	0	0	11.6	0	0	24.2763446358791	-120.326721855425	236.307655833567	-8.59065069851678	269.740250276956	23.7397479237140	2.46877011724282	0.101694474776656
2007-08-09 14:05:58.44	32	-0.75	26.7060655737705	8.31377049180328	1384.24590163934	-2.3072131147541	9.25967213114754	17.6134426229508	2.81639344262295	18.8181257813709	0.0135944962951199	-9.65	15.8961111111111	-1.95888888888889	0	0	0	166.111111111111	162.388888888889	162.944444444444	0	346.594444444444	-1.04444444444444	1.86666666666667	0	0	0	26.4816666666667	0	0	11.6	0	0	19.0904372662866	-108.880987063232	179.355882719646	-11.7695967904241	213.050584557102	18.6988260095601	2.08696782121776	0.109320063867961
2007-08-09 14:07:03.30	32	-1	26.7134426229508	8.35131147540983	1378.91803278689	-2.05409836065574	9.24672131147541	18.3088524590164	2.82180327868852	37.527010309006	0.0272148230835457	-9.95315789473684	20.3826315789474	-2.68157894736842	0	0	0	167.631578947368	163.894736842105	163.736842105263	0	343.926315789474	0.105263157894737	1.70526315789474	0	0	0	26.4836842105263	0	0	11.6	0	0	23.0495132011061	-111.833650404339	229.019183502132	-16.0503434813263	257.079184285721	22.8409257214246	2.91506606222736	0.126469745230345
2007-08-09 14:08:08.16	32	-1.25	26.7470967741935	8.38596774193548	1405.45161290323	-1.76483870967742	9.2566129032258	19.1648387096774	2.9508064516129	18.9949755387195	0.0135152113130966	-8.86714285714286	20.98	-1.39357142857143	0	0	0	168.357142857143	164.714285714286	163.142857142857	0	344.992857142857	0.342857142857143	1.91428571428571	0	0	0	26.5228571428571	0	0	11.6	0	0.408357142857143	23.4235968589461	-101.707004661488	240.642672862673	-8.4999863052008	264.668771274112	22.8194799190409	2.94549516085442	0.125749054621791
2007-08-09 14:09:13.02	32	-1.47	26.7670967741935	8.4	1409.5	-1.49822580645161	9.27322580645161	19.4658064516129	2.97016129032258	8.46351862649239	0.00600462477934898	-9.944375	20.364375	-4.739375	0	0	0	167.8125	164.6875	165.4375	0	344.24375	0.275	1.975	0	0	0	26.544375	0	0	11.6	0	0.186625	24.649761281847	-114.41816035	234.308774978571	-28.9899173285714	272.544637638777	23.1529704070963	11.9695279772354	0.485583930828984
2007-08-09 14:10:34.28	34	0	26.8379032258064	8.3791935483871	1409.61290322581	-2.95887096774194	9.32951612903226	15.4820967741935	2.84629032258065	27.0702515559416	0.0192040321807449	-13.7072222222222	23.92	-2.88388888888889	0	0	0	165.833333333333	161.388888888889	161.444444444444	0	345.227777777778	-3.68888888888889	4.6	0	0	0	26.6016666666667	0	0	11.6	0	0	27.904010304543	-157.726446587404	275.242973463594	-17.6416366242704	319.375754451051	27.7195085846203	2.59424658258411	0.0929703850547155
2007-08-09 14:11:39.03	34	-0.25	26.8293548387097	8.34693548387097	1401.66129032258	-2.75145161290323	9.33209677419355	16.8366129032258	2.90741935483871	25.3331530001839	0.0180736624283557	-14.3452941176471	20.8164705882353	-1.84411764705882	0	0	0	166.647058823529	162	162.352941176471	0	347.470588235294	-2.11764705882353	5.88235294117647	0	0	0	26.6	0	0	11.6	0	0	26.55527399335	-164.062213081269	238.070840879154	-11.2180236139875	302.118412835069	25.3478535771544	2.42438127864417	0.0912956604873023
2007-08-09 14:12:43.89	34	-0.5	26.8409677419355	8.33693548387097	1403.54838709677	-2.56790322580645	9.3358064516129	17.0319354838710	2.84241935483871	9.70157570327564	0.00691217758679717	-13.570625	22.9375	-1.228125	0	0	0	166.4375	162.125	164.375	0	349.0875	0.1	5.15	0	0	0	26.6125	0	0	11.6	0	0	27.5278110779285	-155.428533118664	262.710227304147	-7.480813859447	312.535405842756	26.6795625930458	2.69048293218895	0.097736900495737
2007-08-09 14:13:48.75	34	-0.75	26.8593442622951	8.3239344262295	1406.22950819672	-2.34885245901639	9.33786885245902	17.8672131147541	2.87081967213115	14.9915458871803	0.0106608102018885	-13.1866666666667	22.176	-1.41466666666667	0	0	0	167.2	163.733333333333	163.6	0	344.526666666667	1.44	1.89333333333333	0	0	0	26.6266666666667	0	0	11.6	0	0	26.6002727062541	-151.342873042935	254.513110662295	-8.63338400124902	301.592019210858	25.8392034620953	3.99046165690962	0.150015817543532
2007-08-09 14:14:53.61	34	-1	26.8637704918033	8.35213114754098	1402.95081967213	-2.09688524590164	9.3444262295082	18.6739344262295	2.91409836065574	23.0328940354935	0.0164174636149229	-10.5106666666667	19.6226666666667	-0.950666666666667	0	0	0	168.066666666667	163.8	165	0	339.6	0.88	1.84	0	0	0	26.6326666666667	0	0	11.6	0	0	23.7983949066631	-120.326476304137	224.640968129899	-5.78830520905543	264.408990061309	22.2806402062418	3.27316576767644	0.137537249067163
2007-08-09 14:15:58.47	34	-1.25	26.8837704918033	8.38229508196721	1415.73770491803	-1.79983606557377	9.33459016393443	19.5086885245902	2.99229508196721	9.46203226821853	0.00668346420057122	-9.54176470588235	18.0329411764706	-2.21529411764706	0	0	0	168.705882352941	163.470588235294	164.941176470588	0	339.794117647059	0.447058823529412	1.71764705882353	0	0	0	26.6547058823529	0	0	11.6	0	0.216470588235294	20.9626850512706	-110.310925024935	208.476155450613	-13.6099411224687	240.215855244173	20.5216902131416	2.84761855000135	0.13584226176354
2007-08-09 14:17:01.03	34	-1.27	26.9017741935484	8.39048387096774	1413.64516129032	-1.78822580645161	9.33935483870968	19.5285483870968	2.97387096774194	14.6836552091578	0.0103870869516896	-10.8776923076923	20.6369230769231	-5.23153846153846	0	0	0	169	164.923076923077	165.307692307692	0	340.369230769231	0.676923076923077	1.90769230769231	0	0	0	26.6723076923077	0	0	11.6	0	0.0852307692307692	25.2226680040883	-125.554559396242	238.199400288692	-32.0935800348812	279.821281701153	23.9076510493654	13.3192224617343	0.528065566242851
2007-08-09 14:18:21.53	36	0	26.9601639344262	8.36639344262295	1397.32786885246	-2.95622950819672	9.41049180327869	15.9791803278689	2.93688524590164	39.0148353456628	0.0279210314310151	-16.375	20.3033333333333	-2.76333333333333	0	0	0	166.583333333333	161.5	162	0	344.725	-3.56666666666667	4.93333333333333	0	0	0	26.7283333333333	0	0	11.6	0	0	26.4771079581026	-186.649195761124	231.426005370180	-16.7582832774395	299.954976503587	26.2297918511672	3.40200542594536	0.128488558166122
2007-08-09 14:19:26.28	36	-0.25	26.9666129032258	8.34354838709677	1420.5	-2.75209677419355	9.40290322580645	17.1941935483871	2.98903225806452	11.1895003477719	0.00787715617583377	-16.3183333333333	22.9494444444444	-3.25333333333333	0	0	0	167.666666666667	162.722222222222	163.444444444444	0	345.616666666667	-1.44444444444444	6.06666666666667	0	0	0	26.7344444444444	0	0	11.6	0	0	28.7499430711271	-189.339476971429	266.279387676190	-20.0538441142857	331.612791369475	28.3469430603054	4.95020214278367	0.172181285038962
2007-08-09 14:20:31.14	36	-0.5	26.9774193548387	8.33693548387097	1416.11290322581	-2.57483870967742	9.39709677419355	17.4154838709677	2.90854838709677	7.73136010919309	0.00545956476463253	-15.0325	22.989375	-4.64125	0	0	0	166.9375	162.25	163.5625	0	345.50625	1.175	5.15	0	0	0	26.744375	0	0	11.6	0	0.386125	28.2675627485628	-173.838262909677	265.852853176728	-28.5215925834101	322.668501739119	27.8572902613144	4.17238892480109	0.147603419577205
2007-08-09 14:21:36.00	36	-0.72	26.9959677419355	8.32387096774194	1429.11290322581	-2.41064516129032	9.40612903225806	17.9120967741936	2.94612903225806	7.05041526206297	0.00493342075783425	-12.979375	21.824375	-4.280625	0	0	0	168.0625	163.75	163.25	0	339.79375	1.5	2.3	0	0	0	26.774375	0	0	11.6	0	0.212625	26.6393429481344	-151.584290353687	254.883798086405	-26.5445935506912	306.065626912388	25.7505586332001	10.8083912360319	0.405730398721745
2007-08-09 14:22:54.48	38	0	27.0360655737705	8.33147540983606	1435.7868852459	-2.96196721311475	9.43737704918033	18.0596721311475	3.09114754098361	8.61222920057744	0.005998264289134	-15.0121052631579	23.1605263157895	-2.37105263157895	0	0	0	166.052631578947	160.842105263158	162.421052631579	0	344.505263157895	-3.55789473684211	4.69473684210526	0	0	0	26.8021052631579	0	0	11.6	0	0	27.951068711191	-176.208227104450	271.852295822014	-14.7711394837914	326.020050783586	27.7018983869017	2.91262100505248	0.104204280528506
2007-08-09 14:23:59.23	38	-0.25	27.0445161290323	8.32951612903226	1437.98387096774	-2.75048387096774	9.42467741935484	17.7648387096774	3.00870967741935	8.27893224976461	0.00575731926964731	-12.8435294117647	20.0523529411765	-2.66529411764706	0	0	0	166.117647058824	162.235294117647	161.823529411765	0	344.352941176471	-2.02352941176471	6.16470588235294	0	0	0	26.8158823529412	0	0	11.6	0	0	25.0710611598874	-151.002997011656	235.758045485497	-16.6293620146381	291.730433693630	23.9615712957631	4.11445902726077	0.16411188186337
2007-08-09 14:25:04.03	38	-0.5	27.0603225806452	8.32306451612903	1446.74193548387	-2.56274193548387	9.43532258064516	18.2888709677419	3.02112903225806	1.49244528000266	0.00103159053000251	-10.1872727272727	20.4018181818182	-3.61363636363636	0	0	0	168.545454545455	163.181818181818	162.909090909091	0	343.618181818182	0	4.50909090909091	0	0	0	26.8254545454545	0	0	11.6	0	0.356363636363636	23.4406945261589	-120.560234073900	241.443224441056	-22.6822778885630	274.160278587675	23.0883753978576	1.95792598032607	0.0835267904771808
2007-08-09 14:26:07.58	38	-0.57	27.0660655737705	8.31573770491803	1432.27868852459	-2.50819672131148	9.4355737704918	18.4326229508197	2.98852459016393	12.6585032653167	0.0088380169074193	-11.8153333333333	20.1666666666667	-4.06	0	0	0	167.666666666667	163.6	164.6	0	342.56	-0.0533333333333334	3.65333333333333	0	0	0	26.8226666666667	0	0	11.6	0	0.291333333333333	24.3358443310753	-138.319629157096	236.086936861827	-25.2317069114754	281.012282699484	23.7229877170272	7.68422461189647	0.315757468997458
2007-08-09 14:27:25.23	40	0	27.1038709677419	8.33	1443.54838709677	-2.96322580645161	9.4758064516129	18.3479032258065	3.13983870967742	3.69615404616008	0.0025604642554405	-11.666875	18.023125	-0.945	0	0	0	165.8125	162.125	163	0	342.99375	-4	4.725	0	0	0	26.87625	0	0	11.6	0	0	21.8550788981172	-137.741706941244	212.785000432028	-5.91866129032258	256.995326406797	21.4905102785218	5.86043810485845	0.26814994044077
2007-08-09 14:28:29.98	40	-0.25	27.1232258064516	8.33032258064516	1447.51612903226	-2.74983870967742	9.46306451612903	17.9180645161290	3.04080645161290	2.67190565924963	0.00184585553532722	-10	18.7	-2.80928571428571	0	0	0	165.5	161	162	0	343.978571428571	-1.85714285714286	5.85714285714286	0	0	0	26.8857142857143	0	0	11.6	0	0.316142857142857	22.9021505024936	-118.412280184332	221.430963944700	-17.6428300550362	268.987024734081	21.3911684165333	6.29073392474914	0.274678743555729
2007-08-09 14:29:34.84	40	-0.5	27.1322580645161	8.31758064516129	1443.16129032258	-2.55258064516129	9.475	18.4614516129032	3.03887096774194	1.97686246183683	0.00136981394601774	-9.213125	16.36375	-3.10375	0	0	0	167.75	164.5	165	0	342.0125	-1.25	4.525	0	0	0	26.89875	0	0	11.6	0	0.2395625	19.7004612797837	-108.740726094700	193.138165023502	-19.4340382276498	229.068851543406	19.0338448662015	5.68912240344044	0.288781177386874
