1
94
0
727998.567 4138283.851
728004.89 4138290.584
728010.003 4138292.642
728015.675 4138296.976
728019.024 4138302.456
728023.046 4138306.264
728025.847 4138312.636
728031.885 4138320.338
728035.379 4138326.286
728038.146 4138333.11
728039.239 4138340.235
728038.972 4138346.503
728036.326 4138350.917
728035.856 4138352.052
728032.309 4138354.296
728027.688 4138356.088
728020.278 4138355.48
728008.525 4138354.829
728000.842 4138354.97
727995.976 4138353.213
727986.147 4138351.016
727981.376 4138349.535
727974.217 4138347.263
727968.682 4138346.675
727964.057 4138348.335
727960.678 4138351.598
727960.206 4138356.622
727958.889 4138363.317
727955.753 4138371.616
727953.049 4138380.864
727950.201 4138387.993
727949.269 4138392.4
727945.175 4138395.946
727939.784 4138392.12
727939.55 4138385.096
727940.086 4138380.987
727941.751 4138374.896
727944.912 4138366.972
727945.21 4138360.587
727944.076 4138354.583
727940.368 4138347.644
727935.117 4138343.37
727927.573 4138338.479
727919.571 4138332.359
727913.472 4138328.822
727907.247 4138326.835
727900.225 4138327.272
727894.081 4138324.068
727885.232 4138322.252
727875.929 4138319.549
727868.383 4138319.601
727862.415 4138321.841
727856.039 4138324.056
727850.837 4138329.643
727846.692 4138326.037
727842.898 4138321.889
727834.63 4138313.977
727828.168 4138307.447
727821.292 4138300.561
727815.096 4138294.623
727808.18 4138288.744
727801.862 4138284.304
727803.999 4138277.202
727809.411 4138276.54
727814.549 4138278.727
727822.079 4138282.536
727827.799 4138283.938
727831.647 4138282.283
727834.333 4138277.522
727834.732 4138271.476
727834.119 4138267.57
727835.469 4138263.611
727838.294 4138259.402
727844.461 4138255.202
727849.235 4138254.985
727858.367 4138258.311
727864.933 4138260.826
727874.597 4138263.445
727884.296 4138263.246
727890.325 4138261.858
727898.006 4138258.896
727908.392 4138253.943
727915.398 4138249.289
727919.169 4138248.498
727926.097 4138249.309
727935.491 4138252.065
727944.634 4138260.631
727953.668 4138265.534
727963.422 4138264.018
727972.789 4138263.542
727979.623 4138263.381
727985.342 4138265.916
727991.079 4138270.064
727995.683 4138275.876
